1213
121314311213
121314311213
121314311213
121314311213
121314311213
121314311213
121314311213
121314311213
121314311213
121314311213
121314311213
121314311213
121314311213
121314311213
121314311213
121314311213
121314311213
121314311213
121314311213
121314311213
121314311213
121314311213
121314311213
121314311213
121314311213
121314311213
121314311213
121314311213
121314311213
121314311213
121314311213
121314311213
121314311213
121314311213
121314311213
121314311213
121314311213
121314311213
121314311213
121314311213
121314311213
121314311213
121314311213
121314311213
121314311213
121314311213
121314311213
121314311213
121314311213
121314311213
121314311213
121314311213
121314311213
121314311213
121314311213
121314311213
121314311213
121314311213
121314311213
121314311213
121314311213
121314311213
121314311213
121314311213
121314311213
121314311213
121314311213
121314311213
121314311213
121314311213
121314311213
121314311213
121314311213
121314311213
121314311213
121314311213
121314311213
121314311213
121314311213
121314311213
121314311213
121314311213
121314311213
121314311213
121314311213
121314311213
121314311213
121314311213
121314311213
121314311213
121314311213
121314311213
121314311213
121314311213
121314311213
121314311213
121314311213
121314311213
121314311213
121314311213
121314311213
121314311213
121314311213
121314311213
121314311213
121314311213
121314311213
121314311213
121314311213
121314311213
121314311213
121314311213
121314311213
121314311213
121314311213
121314311213
121314311213
121314311213
121314311213
121314311213
121314311213
121314311213
12131431
